0.972389423555709
0.6979369785476643
0.27224922271059765
0.9500706546259816
0.9881376017550143
0.6267574502504568
0.9609219983663837
0.7828364556698566
0.9710816416301136
0.8705450695488754
0.594742836950639
0.991239940995464
0.6824796993866421
0.9511556288919298
0.972355434486788
0.9754038672614576
0.9486691992845835
0.9281305995018457
0.9638741323220293
0.9638570277154649
0.9472737972539867
0.8360386141052332
0.8155694642548877
0.9383170593005948
0.8447439295910977
0.9291816283671182
0.7749140730804396
0.984896508903845
0.9794382364559111
0.9795725968662368
0.8571121607670853
0.9793981905610162
0.9548558704411012
0.9767392846264732
0.9542969395268095
0.9297329166882389
0.8587608927841798
0.8754168070886736
0.9507967072167091
0.9814540854446856
0.8692189052327782
0.8324997495405716
0.9813718019804744
0.9745406449396385
0.9805740058822995
0.9376439106254539
0.8431544336604995
0.9837961514188542
0.6292669041878035
0.8253937915758657
0.8049256589894028
0.978763635468741
0.9828555330239261
0.972734526232199
0.9546098991605206
0.9132596029323711
0.983244310680203
0.9802205199881262
0.9115099014899171
0.8032340576736996
0.9094611482241942